Unknown block 2 in the header
=============================

08 15 00 2A 17 19 08 15 07 29 21 01 0A 28 32 96 32 00 00 03 04 00 01 00 00 09 00 3A 01
08 1B 00 33 23 19 08 1B 08 10 2D 01 0A 28 32 96 32 00 00 01 07 03 01 00 00 46 00 32 01
08 1B 00 33 23 19 08 1B 08 10 2D 01 0A 28 32 96 32 00 00 01 07 03 01 00 00 46 00 32 01
08 1C 01 06 28 19 08 1C 07 28 30 01 0A 28 32 96 32 00 00 03 07 04 00 00 00 50 00 32 01
08 1D 05 23 26 19 08 1D 0C 23 30 01 0A 28 32 96 32 00 00 06 09 0B 01 00 00 62 00 34 01
08 1F 02 27 26 19 08 1F 09 10 2F 01 0A 28 32 96 32 02 00 01 0B 0F 01 00 00 08 01 33 01
09 02 00 17 13 19 09 02 07 24 1D 01 0A 28 32 96 32 00 00 01 09 17 00 00 00 70 00 35 01
09 04 08 0E 36 19 09 04 08 32 36 01 0A 28 32 96 32 00 00 00 00 1E 01 00 00 3E 00 30 01
09 06 01 1D 04 19 09 06 09 12 0F 01 0A 28 32 96 32 00 00 00 0E 21 00 00 00 67 00 33 01
09 07 02 2E 35 19 09 07 09 38 03 01 0A 28 32 96 32 00 00 00 0F 00 01 00 00 6B 00 32 01
09 08 00 1A 11 19 09 08 07 19 1A 01 0A 28 32 96 32 00 00 01 10 00 00 00 00 64 00 34 01
09 0B 17 1C 3A 19 09 0C 07 20 09 01 0A 28 32 96 32 01 00 01 16 04 02 00 00 2A 00 34 01

xx xx xx xx xx 19 xx xx xx xx xx 01 0A 28 32 96 32 xx 00 xx xx xx xx 00 00 xx xx xx 01
                                    ^  ^  ^  ^     ^
                                    |  |  |  |     Humidity?
                                    |  |  |  Maximum pressure
                                    |  |  Minimum pressure
                                    |  Initial pressure
                                    Ramp up time